  332463423697
  974256408672
  685616206107
  253978041209
  708732109894
  759395238721
  557001275721
  960761878335
  532774582610
  668369457965
  141048892215
  847545920121
  882121306178
  933774679758
  253589999129
  127463601344
  566620596130
  015576723407
  412397289534
  461303404571
  519257573263
  042969807176
  158917629736
  367699371565
  873832898236
  774752444318
  941529996126
  134051280494
  677302884943
  880057445667
  802233273701
  495747169227
  472594351920
  960522610698
  108304555681
  874427543299
  344861867161
  684634799943
  460041688151
  197776604274
  851087452985
  770786371446
  607927089863
  308201109138
  058671983603
  729208185359
  091021436929
  653693271693
  896717456649

